0.03 0.05 0.29
-0.01 0.09 0.99
0.12 0.16 1.04
-0.02 0.10 1.01
0.08 0.12 1.05
0.03 0.10 1.03
0.04 0.12 1.02
0.03 0.12 1.05
0.05 0.12 1.06
-0.03 0.06 1.05
0.06 0.11 1.04
0.07 0.12 1.06
0.07 0.11 1.03
0.05 0.11 1.03
0.13 0.14 1.04
-0.00 0.06 1.00
0.02 0.11 1.00
0.10 0.19 1.04
0.05 0.05 1.04
0.08 0.10 1.04
0.06 0.06 1.03
0.07 -0.03 1.03
0.06 0.03 1.02
0.11 0.00 1.05
0.05 -0.08 1.03
0.09 -0.04 1.04
0.12 -0.06 1.05
0.08 -0.11 1.01
0.14 -0.20 1.08
0.17 -0.14 1.09
-0.11 -0.22 0.94
0.19 -0.24 1.02
0.07 -0.32 0.98
0.13 -0.33 0.97
0.07 -0.53 0.91
0.14 -0.58 0.89
0.07 -0.69 0.75
0.17 -0.69 0.79
0.16 -0.70 0.74
0.18 -0.70 0.69
0.15 -0.83 0.64
0.14 -0.84 0.60
0.10 -0.79 0.57
0.07 -0.88 0.51
0.11 -0.92 0.45
0.13 -0.94 0.40
0.03 -1.10 0.29
0.07 -0.94 0.26
0.05 -0.90 0.17
0.08 -1.00 0.09
0.08 -0.99 -0.01
0.04 -0.99 -0.16
0.07 -0.96 -0.24
0.06 -0.99 -0.29
0.13 -0.91 -0.29
0.02 -0.96 -0.39
0.04 -0.96 -0.41
0.07 -0.99 -0.41
0.13 -0.74 -0.32
0.07 -0.86 -0.45
0.10 -1.00 -0.43
0.07 -0.87 -0.50
0.14 -0.80 -0.52
0.18 -0.74 -0.50
0.13 -0.78 -0.54
0.13 -0.76 -0.54
0.17 -0.84 -0.54
0.16 -0.83 -0.55
0.20 -0.94 -0.54
0.16 -0.74 -0.58
0.13 -0.88 -0.64
0.15 -0.78 -0.68
0.24 -0.58 -0.74
0.28 -0.42 -0.79
0.28 -0.46 -0.92
0.41 -0.33 -0.84
0.24 -0.35 -0.93
0.42 -0.06 -0.89
0.34 0.10 -0.99
0.26 0.06 -1.01
0.33 0.23 -0.95
0.27 0.29 -0.95
0.31 0.35 -0.91
0.29 0.33 -0.97
0.34 0.41 -0.89
0.27 0.37 -0.92
0.28 0.50 -0.89
0.27 0.44 -0.86
0.27 0.51 -0.82
0.29 0.64 -0.73
0.30 0.66 -0.67
0.28 0.74 -0.65
0.24 0.82 -0.59
0.24 0.88 -0.47
0.22 0.96 -0.43
0.18 1.05 -0.24
0.12 0.84 -0.07
0.13 1.08 -0.04
0.07 1.02 0.14
0.11 1.01 0.23
0.04 1.04 0.32
-0.08 0.74 0.52
-0.09 0.74 0.51
-0.01 0.80 0.65
-0.05 0.90 0.69
-0.04 0.56 0.72
-0.10 0.49 0.91
-0.04 0.50 0.89
-0.06 0.37 0.89
-0.06 0.41 0.89
-0.03 0.33 1.03
-0.16 0.28 0.86
-0.12 0.27 0.88
-0.08 0.35 0.99
0.00 0.39 1.08
-0.00 0.20 1.08
-0.07 0.12 1.06
-0.07 0.13 1.06
-0.04 0.04 0.98
0.01 0.08 1.03
-0.03 0.07 1.10
-0.00 0.12 0.98
-0.03 0.18 1.05
0.02 0.24 0.98
0.01 0.47 0.96
0.03 0.59 0.80
-0.00 0.62 0.81
-0.07 0.35 0.82
-0.08 0.39 0.63
0.10 1.00 0.49
0.10 1.20 0.20
0.15 1.12 0.09
0.21 1.04 0.03
0.32 1.10 -0.06
0.25 0.76 -0.07
0.29 1.00 -0.38
0.28 1.14 -0.79
0.32 0.91 -0.77
0.30 0.69 -0.85
0.27 0.43 -0.91
0.27 0.11 -0.89
0.27 -0.22 -1.01
0.28 -0.02 -0.99
0.31 0.04 -0.98
0.30 -0.19 -0.88
0.04 -0.08 -1.09
0.27 -0.42 -0.91
0.27 -0.36 -0.86
0.18 -0.41 -0.85
0.20 -0.54 -0.81
-0.20 -0.81 -1.01
0.08 -0.72 -0.71
0.16 -0.72 -0.60
0.05 -0.80 -0.53
0.13 -0.96 -0.40
0.06 -1.04 -0.25
0.02 -1.03 -0.16
-0.17 -1.05 -0.09
-0.16 -0.80 0.14
-0.15 -0.94 0.21
-0.11 -1.00 0.24
-0.05 -0.92 0.35
-0.09 -0.98 0.46
-0.05 -0.79 0.61
-0.07 -0.74 0.69
-0.04 -0.80 0.78
-0.13 -0.66 0.80
-0.03 -0.53 0.91
-0.01 -0.37 0.93
-0.00 -0.39 0.96
0.06 -0.26 1.01
0.05 -0.24 1.09
-0.06 -0.22 1.00
-0.05 -0.04 1.03
-0.17 -0.08 0.99
0.01 0.01 1.04
0.03 -0.06 1.00
0.06 -0.15 1.05
0.19 0.11 1.05
0.10 -0.09 1.00
0.46 0.02 0.99
0.62 -0.05 0.96
0.52 -0.07 0.80
0.74 0.04 0.78
0.94 -0.15 0.86
0.77 -0.04 0.65
0.85 -0.04 0.58
1.00 0.08 0.51
0.93 0.06 0.41
0.90 -0.11 0.37
0.88 -0.23 0.32
0.84 -0.15 0.23
0.84 0.01 0.07
0.91 -0.21 0.05
0.84 -0.26 -0.17
0.74 -0.17 -0.30
0.89 -0.15 -0.36
0.96 -0.15 -0.34
0.86 -0.02 -0.42
0.85 -0.18 -0.58
1.22 -0.24 -0.38
0.88 -0.27 -0.61
0.54 -0.25 -0.80
0.49 -0.31 -0.90
0.31 -0.39 -0.91
0.36 -0.35 -0.79
-0.13 -0.45 -1.02
-0.08 -0.45 -0.92
-0.32 -0.47 -0.87
-0.40 -0.41 -0.68
-0.47 -0.39 -0.53
-0.82 -0.43 -0.64
-0.97 -0.34 -0.53
-0.76 -0.35 -0.31
-0.86 -0.34 -0.19
-0.85 -0.29 -0.01
-0.91 -0.22 0.13
-0.93 -0.29 0.17
-1.00 -0.27 0.24
-0.95 -0.28 0.31
-0.77 -0.19 0.47
-0.77 -0.08 0.53
-0.78 -0.10 0.47
-0.67 0.06 0.71
-0.62 0.03 0.79
-0.78 0.11 0.79
-0.51 0.02 0.86
-0.71 -0.12 0.76
-0.46 -0.00 0.89
-0.64 -0.09 0.79
-0.39 0.07 0.92
-0.13 0.01 0.93
-0.38 -0.07 0.89
-0.02 -0.11 1.12
-0.14 -0.15 0.95
0.29 0.05 1.13
0.25 -0.23 0.91
0.27 -0.09 1.02
0.30 0.08 1.01
0.34 0.04 1.08
0.31 0.02 1.18
-0.02 -0.01 0.97
-0.23 -0.10 1.06
-0.24 -0.05 0.93
-0.32 -0.06 0.88
-0.37 -0.02 0.90
-0.57 -0.06 0.72
-0.67 -0.18 0.67
-0.88 -0.22 0.44
-0.90 -0.22 0.33
-1.06 -0.46 -0.05
-0.86 -0.32 -0.12
-1.16 -0.37 -0.51
-0.57 -0.45 -0.38
-0.75 -0.43 -0.67
-0.53 -0.40 -0.92
-0.39 -0.42 -1.06
-0.04 -0.36 -0.94
0.23 -0.33 -0.97
0.43 -0.35 -0.89
0.55 -0.28 -0.83
0.59 -0.32 -0.79
0.81 -0.66 -0.45
0.50 -0.39 -0.80
1.21 -0.30 -0.31
1.08 0.09 -0.10
1.04 0.37 -0.02
0.88 0.59 0.02
0.66 0.95 0.02
0.37 0.79 0.01
0.24 1.17 0.00
0.29 1.01 0.04
0.74 0.92 0.01
1.01 0.58 -0.02
1.02 0.15 -0.04
1.04 -0.28 -0.08
0.83 -0.40 -0.10
0.56 -0.61 -0.18
0.38 -0.75 -0.33
0.42 -0.83 -0.34
0.79 -0.71 -0.24
0.94 -0.53 -0.23
1.06 -0.17 -0.13
1.07 0.06 0.04
0.93 0.23 0.18
0.93 0.10 0.60
0.74 0.21 0.67
0.67 0.31 0.84
0.63 0.29 1.04
-0.05 -0.24 1.00
0.17 -0.25 0.97
-0.25 -0.25 0.92
-0.49 -0.28 0.72
-0.50 -0.24 0.88
-0.34 -0.14 1.00
-0.22 -0.09 0.99
-0.57 -0.20 0.83
-0.70 -0.32 0.73
-0.74 -0.25 0.75
-0.71 -0.24 0.75
-0.61 -0.28 0.76
-0.40 0.01 0.91
-0.29 -0.15 0.96
-0.22 -0.01 0.97
0.10 -0.15 1.05
0.16 -0.04 1.04
0.38 -0.03 0.93
0.62 -0.02 0.95
0.85 0.08 0.89
0.65 -0.00 0.69
0.95 0.06 0.50
0.93 0.14 0.36
0.91 0.07 0.19
1.03 0.12 0.04
0.89 0.23 -0.07
1.20 0.32 -0.09
0.89 0.24 -0.34
0.96 0.31 -0.41
0.94 0.40 -0.55
0.78 0.40 -0.68
0.54 0.35 -0.80
0.68 0.49 -0.71
0.73 0.50 -0.71
0.61 0.47 -0.56
0.84 0.53 -0.29
0.94 0.34 -0.06
0.97 0.49 0.19
0.82 0.32 0.33
0.82 0.42 0.51
0.61 0.40 0.64
0.60 0.37 0.83
0.48 0.28 0.97
0.29 0.23 0.95
0.21 -0.04 1.01
0.15 -0.36 1.01
0.12 -0.31 0.99
0.25 -0.53 0.91
0.24 -0.49 0.77
0.42 -0.64 0.67
0.31 -1.02 0.44
0.33 -1.00 0.33
0.35 -0.96 0.28
0.27 -1.00 0.21
0.31 -1.13 0.23
0.33 -0.93 0.33
0.20 -0.91 0.39
0.28 -0.68 0.51
0.08 -0.76 0.62
0.16 -0.71 0.73
0.11 -0.61 0.90
-0.06 -0.35 0.87
-0.07 -0.45 0.93
-0.12 -0.44 0.92
0.07 -0.27 1.00
0.02 -0.21 1.03
0.11 0.06 1.02
-0.03 0.18 1.00
0.20 0.27 0.94
-0.09 0.28 0.77
0.17 0.55 0.89
0.38 0.67 0.87
0.28 0.65 0.86
0.31 0.73 0.72
0.29 0.76 0.61
0.35 0.87 0.45
0.43 0.95 0.39
0.39 0.79 0.23
0.34 0.94 0.06
0.24 0.87 -0.02
0.17 0.94 -0.16
0.09 0.87 -0.30
0.01 0.91 -0.36
-0.04 0.98 -0.39
-0.11 1.15 -0.33
-0.07 0.98 -0.14
0.06 0.88 0.07
0.10 1.12 0.18
0.12 1.01 0.40
0.25 0.77 0.78
0.15 0.41 0.75
0.14 0.34 0.86
0.08 0.23 1.00
0.07 0.16 1.00
0.13 0.28 1.02
0.08 -0.10 1.07
0.09 -0.01 1.04
-0.07 -0.26 1.01
0.04 -0.26 1.06
-0.01 -0.23 1.00
0.04 -0.31 1.07
0.14 -0.40 1.18
0.02 -0.27 1.01
0.05 -0.28 1.04
-0.00 -0.15 1.02
0.10 -0.12 1.04
0.03 -0.18 1.07
