0.55 -0.24 -0.28
0.55 -0.24 -0.28
0.55 -0.24 -0.28
0.55 -0.24 -0.28
0.55 -0.23 -0.28
0.56 -0.23 -0.28
0.55 -0.23 -0.28
0.55 -0.24 -0.28
0.55 -0.25 -0.29
0.54 -0.25 -0.30
0.54 -0.27 -0.31
0.53 -0.27 -0.31
0.53 -0.28 -0.30
0.53 -0.28 -0.30
0.52 -0.27 -0.31
0.52 -0.27 -0.32
0.51 -0.29 -0.32
0.50 -0.31 -0.32
0.50 -0.31 -0.33
0.49 -0.32 -0.33
0.48 -0.33 -0.34
0.48 -0.35 -0.33
0.46 -0.37 -0.33
0.44 -0.39 -0.34
0.43 -0.39 -0.36
0.40 -0.36 -0.40
0.39 -0.32 -0.44
0.38 -0.30 -0.45
0.37 -0.29 -0.47
0.35 -0.25 -0.49
0.33 -0.23 -0.51
0.31 -0.22 -0.52
0.28 -0.19 -0.54
0.27 -0.19 -0.55
0.24 -0.18 -0.56
0.23 -0.17 -0.57
0.21 -0.15 -0.58
0.19 -0.13 -0.58
0.16 -0.12 -0.60
0.15 -0.11 -0.60
0.13 -0.10 -0.60
0.11 -0.08 -0.61
0.08 -0.05 -0.61
0.05 -0.03 -0.61
0.03 -0.01 -0.61
0.01 0.02 -0.60
-0.01 0.04 -0.60
-0.03 0.07 -0.59
-0.03 0.11 -0.58
-0.01 0.14 -0.57
-0.00 0.17 -0.56
-0.00 0.19 -0.55
0.04 0.23 -0.52
0.11 0.24 -0.51
0.16 0.24 -0.51
0.20 0.24 -0.49
0.26 0.22 -0.48
0.30 0.19 -0.48
0.34 0.14 -0.49
0.39 0.06 -0.49
0.42 0.01 -0.48
0.43 -0.05 -0.48
0.43 -0.11 -0.49
0.42 -0.17 -0.49
0.40 -0.22 -0.49
0.37 -0.24 -0.50
0.34 -0.26 -0.52
0.30 -0.26 -0.54
0.27 -0.25 -0.56
0.23 -0.25 -0.57
0.19 -0.21 -0.59
0.20 -0.17 -0.60
0.19 -0.17 -0.60
0.18 -0.17 -0.60
0.16 -0.17 -0.60
0.16 -0.18 -0.60
0.18 -0.19 -0.60
0.20 -0.21 -0.58
0.24 -0.26 -0.56
0.35 -0.29 -0.49
0.46 -0.27 -0.41
0.52 -0.23 -0.37
0.56 -0.20 -0.32
0.59 -0.16 -0.27
0.61 -0.16 -0.24
0.63 -0.15 -0.18
0.64 -0.19 -0.09
0.65 -0.18 -0.00
0.65 -0.18 0.08
0.64 -0.18 0.16
0.62 -0.18 0.23
0.59 -0.20 0.32
0.52 -0.22 0.43
0.44 -0.22 0.51
0.38 -0.20 0.56
0.34 -0.18 0.59
0.33 -0.10 0.60
0.31 -0.07 0.60
0.30 -0.01 0.59
0.30 0.03 0.58
0.32 0.07 0.55
0.35 0.14 0.50
0.40 0.16 0.43
0.45 0.16 0.37
0.49 0.16 0.30
0.54 0.13 0.23
0.59 0.09 0.11
0.60 0.07 -0.02
0.59 0.03 -0.14
0.56 0.03 -0.24
0.53 0.04 -0.29
0.49 0.05 -0.36
0.43 0.08 -0.42
0.36 0.10 -0.47
0.31 0.12 -0.50
0.26 0.16 -0.51
0.21 0.19 -0.52
0.16 0.22 -0.52
0.16 0.25 -0.50
0.16 0.27 -0.49
0.15 0.29 -0.47
0.20 0.32 -0.44
0.24 0.35 -0.39
0.25 0.38 -0.35
0.26 0.42 -0.27
0.29 0.43 -0.22
0.31 0.43 -0.22
0.33 0.42 -0.21
0.36 0.42 -0.17
0.40 0.41 -0.08
0.46 0.36 0.01
0.52 0.29 0.05
0.55 0.23 0.09
0.57 0.18 0.13
0.58 0.12 0.16
0.58 0.07 0.18
0.59 0.02 0.19
0.59 -0.02 0.19
0.59 -0.06 0.17
0.59 -0.11 0.16
0.60 -0.17 0.11
0.59 -0.23 0.06
0.58 -0.25 -0.03
0.57 -0.27 -0.08
0.56 -0.26 -0.14
0.55 -0.23 -0.22
0.52 -0.18 -0.30
0.47 -0.13 -0.39
0.42 -0.11 -0.44
0.37 -0.10 -0.49
0.29 -0.09 -0.54
0.22 -0.12 -0.58
0.14 -0.17 -0.59
0.09 -0.22 -0.59
0.05 -0.29 -0.58
0.05 -0.35 -0.56
0.08 -0.40 -0.53
0.10 -0.47 -0.48
0.15 -0.51 -0.44
0.21 -0.56 -0.37
0.22 -0.61 -0.29
0.25 -0.61 -0.26
0.30 -0.60 -0.23
0.38 -0.56 -0.23
0.46 -0.48 -0.23
0.50 -0.42 -0.24
0.54 -0.35 -0.24
0.57 -0.28 -0.25
0.58 -0.21 -0.26
0.59 -0.16 -0.25
0.61 -0.14 -0.22
0.62 -0.06 -0.18
0.63 -0.03 -0.14
0.64 -0.04 -0.08
0.64 0.01 -0.05
0.62 0.08 -0.02
0.62 0.09 0.01
0.59 0.14 0.05
0.56 0.19 0.12
0.52 0.22 0.18
0.51 0.21 0.23
0.47 0.25 0.23
0.44 0.29 0.23
0.42 0.33 0.21
0.40 0.37 0.16
0.37 0.41 0.08
0.36 0.41 -0.05
0.38 0.39 -0.09
0.38 0.37 -0.12
0.40 0.35 -0.14
0.42 0.32 -0.15
0.44 0.30 -0.17
0.47 0.26 -0.18
0.49 0.22 -0.21
0.51 0.18 -0.23
0.50 0.17 -0.26
0.48 0.19 -0.30
0.40 0.26 -0.33
0.31 0.34 -0.33
0.25 0.38 -0.32
0.21 0.41 -0.32
0.21 0.43 -0.29
0.23 0.45 -0.24
0.23 0.48 -0.16
0.23 0.51 -0.06
0.25 0.51 0.05
0.26 0.49 0.16
0.29 0.45 0.24
0.33 0.41 0.27
0.35 0.38 0.28
0.37 0.35 0.29
0.38 0.32 0.32
0.39 0.27 0.36
0.40 0.23 0.38
0.40 0.22 0.39
0.40 0.27 0.35
0.41 0.34 0.24
0.43 0.37 0.13
0.46 0.36 -0.03
0.47 0.32 -0.16
0.47 0.27 -0.25
0.51 0.18 -0.30
0.54 0.10 -0.30
0.57 0.01 -0.28
0.59 -0.12 -0.23
0.59 -0.22 -0.21
0.57 -0.30 -0.18
0.54 -0.37 -0.15
0.53 -0.41 -0.13
0.54 -0.39 -0.11
0.55 -0.37 -0.09
0.55 -0.36 -0.10
0.56 -0.35 -0.08
0.55 -0.38 -0.07
0.53 -0.40 -0.05
0.53 -0.40 -0.01
0.54 -0.39 0.04
0.54 -0.38 0.10
0.54 -0.34 0.16
0.54 -0.33 0.19
0.53 -0.31 0.23
0.52 -0.32 0.24
0.52 -0.28 0.28
0.54 -0.21 0.29
0.56 -0.06 0.26
0.57 0.04 0.21
0.55 0.15 0.13
0.51 0.25 0.03
0.44 0.33 -0.04
0.39 0.37 -0.10
0.33 0.39 -0.15
0.29 0.40 -0.22
0.24 0.39 -0.28
0.19 0.37 -0.35
0.12 0.31 -0.44
0.08 0.25 -0.51
0.08 0.19 -0.54
0.08 0.13 -0.57
0.10 0.09 -0.59
0.14 0.05 -0.60
0.21 0.02 -0.59
0.26 0.03 -0.57
0.33 0.00 -0.54
0.37 0.01 -0.52
0.40 -0.01 -0.50
0.43 -0.07 -0.48
0.46 -0.18 -0.45
0.46 -0.28 -0.42
0.44 -0.33 -0.42
0.44 -0.38 -0.37
0.45 -0.42 -0.33
0.46 -0.45 -0.28
0.48 -0.46 -0.22
0.50 -0.46 -0.17
0.53 -0.43 -0.11
0.55 -0.41 -0.03
0.56 -0.39 0.03
0.55 -0.38 0.09
0.54 -0.38 0.14
0.52 -0.38 0.20
0.50 -0.38 0.24
0.47 -0.38 0.30
0.43 -0.40 0.35
0.41 -0.41 0.36
0.37 -0.44 0.36
0.37 -0.46 0.33
0.40 -0.50 0.24
0.45 -0.49 0.15
0.44 -0.51 0.06
0.39 -0.56 0.03
0.37 -0.57 -0.04
0.38 -0.55 -0.12
0.38 -0.54 -0.17
0.39 -0.51 -0.23
0.40 -0.47 -0.29
0.41 -0.43 -0.33
0.38 -0.44 -0.36
0.37 -0.45 -0.37
0.35 -0.46 -0.38
0.34 -0.46 -0.38
0.33 -0.47 -0.38
0.34 -0.46 -0.39
0.35 -0.45 -0.39
0.33 -0.47 -0.39
0.30 -0.51 -0.36
0.29 -0.52 -0.36
0.29 -0.53 -0.34
0.30 -0.52 -0.34
0.32 -0.51 -0.35
0.35 -0.49 -0.35
0.33 -0.48 -0.37
0.35 -0.45 -0.39
0.37 -0.41 -0.41
0.40 -0.37 -0.42
0.43 -0.35 -0.40
0.48 -0.34 -0.35
0.51 -0.33 -0.32
0.52 -0.35 -0.28
0.53 -0.36 -0.25
0.55 -0.37 -0.19
0.57 -0.38 -0.11
0.57 -0.40 -0.04
0.55 -0.43 0.06
0.52 -0.45 0.17
0.49 -0.45 0.24
0.46 -0.46 0.28
0.46 -0.46 0.28
0.51 -0.43 0.23
0.55 -0.41 0.13
0.58 -0.38 0.01
0.60 -0.33 -0.09
0.57 -0.35 -0.19
0.55 -0.29 -0.28
0.51 -0.23 -0.37
0.47 -0.15 -0.43
0.44 -0.11 -0.46
0.42 -0.07 -0.48
0.42 -0.02 -0.47
0.42 0.01 -0.47
0.41 -0.02 -0.48
0.41 -0.15 -0.49
0.42 -0.28 -0.45
0.42 -0.41 -0.36
0.42 -0.50 -0.24
0.41 -0.56 -0.09
0.39 -0.58 0.14
0.37 -0.51 0.31
0.37 -0.42 0.41
0.38 -0.34 0.46
0.37 -0.27 0.49
0.37 -0.20 0.51
0.39 -0.11 0.50
0.39 -0.01 0.49
0.38 0.09 0.48
0.37 0.15 0.45
0.36 0.22 0.42
0.32 0.34 0.31
0.32 0.39 0.24
0.28 0.43 0.18
0.26 0.45 0.11
0.24 0.47 0.03
0.25 0.46 -0.08
0.23 0.45 -0.17
0.22 0.43 -0.22
0.22 0.40 -0.28
0.24 0.36 -0.33
0.20 0.32 -0.40
0.17 0.27 -0.47
0.13 0.23 -0.51
0.08 0.16 -0.56
0.07 0.08 -0.59
0.03 -0.02 -0.61
0.03 -0.12 -0.62
0.02 -0.18 -0.61
0.01 -0.14 -0.61
0.01 -0.04 -0.61
0.00 0.07 -0.58
-0.03 0.13 -0.56
-0.02 0.21 -0.51
0.06 0.30 -0.44
0.07 0.42 -0.29
0.04 0.48 -0.13
-0.02 0.50 0.08
0.02 0.48 0.19
-0.04 0.45 0.27
-0.04 0.45 0.27
0.02 0.50 0.09
0.04 0.48 -0.16
0.02 0.39 -0.35
0.04 0.29 -0.47
0.01 0.19 -0.54
-0.00 0.14 -0.56
-0.01 0.13 -0.57
-0.04 0.05 -0.59
-0.08 -0.02 -0.59
-0.12 -0.05 -0.59
-0.12 -0.08 -0.59
-0.13 -0.12 -0.58
-0.13 -0.12 -0.59
-0.07 -0.13 -0.60
-0.13 -0.21 -0.57
-0.20 -0.29 -0.53
-0.21 -0.33 -0.51
-0.22 -0.38 -0.48
-0.25 -0.44 -0.41
-0.29 -0.52 -0.30
-0.30 -0.55 -0.23
-0.32 -0.58 -0.12
-0.34 -0.59 -0.02
-0.35 -0.58 0.09
-0.35 -0.57 0.16
-0.36 -0.54 0.23
-0.36 -0.50 0.28
-0.36 -0.48 0.31
-0.36 -0.50 0.27
-0.37 -0.54 0.18
-0.36 -0.58 0.03
-0.35 -0.57 -0.10
-0.33 -0.54 -0.22
-0.31 -0.48 -0.33
-0.30 -0.40 -0.41
-0.30 -0.32 -0.46
-0.32 -0.22 -0.48
-0.33 -0.15 -0.49
-0.34 -0.03 -0.47
-0.33 0.07 -0.46
-0.30 0.16 -0.44
-0.24 0.23 -0.43
-0.18 0.29 -0.41
-0.14 0.33 -0.39
-0.05 0.37 -0.37
0.10 0.39 -0.34
0.23 0.39 -0.28
0.42 0.32 -0.15
0.55 0.18 0.01
0.60 0.02 0.13
0.61 0.02 0.16
0.62 -0.08 0.23
0.65 -0.14 0.18
0.67 -0.18 0.04
0.65 -0.26 -0.04
0.58 -0.37 -0.15
0.51 -0.41 -0.26
0.44 -0.45 -0.31
0.39 -0.49 -0.33
0.34 -0.51 -0.34
0.28 -0.55 -0.33
0.29 -0.56 -0.31
0.37 -0.53 -0.28
0.45 -0.49 -0.22
0.54 -0.44 -0.05
0.60 -0.33 0.04
0.65 -0.12 0.09
0.60 0.05 0.23
0.56 0.05 0.32
0.57 0.03 0.31
0.59 -0.07 0.29
0.58 -0.15 0.27
0.58 -0.19 0.25
0.60 -0.24 0.13
0.60 -0.25 0.08
0.60 -0.23 0.09
0.60 -0.19 0.10
0.60 -0.15 0.09
0.60 -0.14 0.04
0.61 -0.11 -0.01
0.60 -0.09 -0.08
0.59 -0.10 -0.14
0.58 -0.11 -0.21
0.54 -0.13 -0.32
0.48 -0.14 -0.41
0.41 -0.16 -0.48
0.32 -0.22 -0.53
0.30 -0.30 -0.51
0.40 -0.34 -0.42
0.44 -0.35 -0.35
0.49 -0.29 -0.35
0.52 -0.18 -0.36
0.52 -0.11 -0.37
0.51 -0.09 -0.39
0.49 -0.16 -0.41
0.50 -0.05 -0.40
0.51 -0.00 -0.38
0.50 -0.08 -0.40
0.50 -0.10 -0.40
0.51 -0.12 -0.39
0.50 -0.15 -0.40
0.47 -0.18 -0.42
0.47 -0.19 -0.42
0.48 -0.18 -0.40
0.49 -0.18 -0.40
0.49 -0.17 -0.39
0.50 -0.17 -0.39
0.51 -0.17 -0.38
0.52 -0.16 -0.37
0.52 -0.16 -0.36
0.52 -0.17 -0.36
0.53 -0.15 -0.36
0.53 -0.14 -0.36
0.53 -0.14 -0.36
0.53 -0.14 -0.36
0.53 -0.14 -0.36
0.53 -0.11 -0.36
0.53 -0.07 -0.36
0.53 -0.11 -0.36
0.52 -0.20 -0.36
0.48 -0.27 -0.38
0.47 -0.30 -0.37
0.48 -0.30 -0.36
0.49 -0.31 -0.35
0.48 -0.31 -0.35
0.47 -0.32 -0.36
0.47 -0.30 -0.38
0.45 -0.31 -0.39
