168 -448 -424
170 -446 -425
167 -447 -425
167 -446 -427
166 -446 -426
166 -446 -427
166 -447 -426
166 -446 -427
165 -443 -429
168 -438 -432
175 -431 -435
179 -429 -436
182 -426 -436
183 -426 -437
186 -424 -436
221 -406 -438
167 -406 -452
189 -406 -446
203 -401 -447
215 -399 -444
244 -383 -443
253 -372 -445
258 -359 -449
279 -342 -450
305 -310 -452
327 -258 -459
343 -232 -456
359 -216 -452
379 -193 -446
386 -176 -443
387 -144 -446
386 -98 -448
388 -48 -445
386 3 -440
383 46 -431
367 85 -428
343 117 -429
319 149 -429
297 171 -429
282 188 -428
255 215 -424
231 241 -416
206 257 -413
184 285 -400
154 282 -411
94 286 -420
27 287 -426
-39 280 -424
-104 268 -420
-137 265 -414
-146 279 -402
-127 285 -406
-80 274 -425
-99 275 -421
-125 288 -406
-152 276 -406
-190 278 -392
-201 260 -397
-223 244 -400
-259 229 -389
-271 195 -399
-295 173 -397
-342 102 -395
-354 51 -402
-361 14 -408
-372 -37 -405
-380 -63 -400
-369 -86 -410
-363 -123 -413
-357 -152 -417
-346 -206 -416
-322 -261 -419
-298 -296 -421
-274 -336 -421
-227 -385 -424
-174 -424 -427
-113 -447 -435
-65 -462 -437
-15 -464 -444
37 -469 -446
61 -468 -447
98 -465 -447
137 -457 -448
158 -454 -447
178 -449 -446
197 -438 -449
230 -418 -452
250 -405 -452
241 -414 -449
193 -438 -450
138 -454 -450
73 -467 -448
2 -469 -442
-107 -453 -432
-197 -408 -423
-238 -367 -424
-279 -308 -429
-317 -236 -427
-333 -176 -429
-341 -90 -428
-321 17 -432
-285 97 -434
-211 191 -435
-127 242 -439
-10 257 -454
72 259 -456
143 248 -450
209 233 -447
279 170 -456
313 116 -464
342 63 -468
358 -40 -477
348 -73 -484
349 -125 -483
352 -163 -479
350 -205 -474
325 -253 -474
298 -315 -468
259 -339 -474
245 -362 -468
239 -368 -467
254 -370 -461
278 -369 -452
320 -355 -439
346 -359 -421
369 -357 -399
406 -349 -384
439 -352 -350
476 -372 -296
488 -377 -277
497 -400 -237
507 -421 -189
549 -369 -168
558 -366 -143
577 -340 -129
587 -312 -119
574 -333 -113
574 -347 -67
555 -386 -27
532 -417 18
513 -442 47
500 -457 58
495 -457 72
445 -489 108
403 -494 170
406 -472 187
394 -464 206
373 -467 218
343 -470 239
303 -472 263
244 -482 282
204 -479 288
159 -476 296
109 -475 296
57 -465 296
-5 -465 276
-45 -451 272
-102 -451 238
-119 -447 223
-153 -447 204
-170 -457 185
-180 -468 168
-190 -469 161
-211 -465 152
-242 -457 137
-291 -438 113
-319 -424 105
-340 -423 75
-370 -401 57
-397 -390 20
-398 -408 -29
-398 -412 -43
-388 -425 -65
-356 -461 -96
-300 -495 -182
-290 -494 -208
-288 -486 -230
-282 -463 -274
-277 -457 -291
-260 -446 -320
-245 -436 -344
-236 -433 -355
-220 -432 -367
-194 -422 -393
-141 -403 -431
-97 -409 -444
-56 -411 -454
-19 -415 -459
19 -417 -462
48 -425 -459
86 -424 -458
115 -429 -452
129 -428 -453
143 -433 -446
171 -437 -436
200 -445 -423
223 -456 -406
238 -461 -394
241 -463 -393
239 -461 -394
224 -460 -402
182 -457 -419
109 -450 -439
3 -446 -442
-68 -420 -448
-112 -414 -438
-156 -419 -418
-225 -423 -378
-284 -429 -328
-337 -431 -270
-365 -447 -200
-376 -474 -103
-368 -487 -42
-358 -492 11
-306 -512 104
-269 -518 145
-269 -492 177
-271 -469 193
-241 -468 207
-231 -470 208
-218 -476 206
-198 -472 226
-164 -465 249
-127 -468 272
-81 -474 294
0 -482 327
90 -498 331
164 -493 327
238 -496 308
313 -503 264
388 -507 186
488 -465 80
521 -443 -36
487 -456 -141
461 -453 -209
442 -420 -283
393 -407 -344
346 -395 -391
280 -400 -425
237 -401 -441
201 -415 -448
177 -419 -451
179 -458 -426
185 -486 -403
186 -537 -357
165 -602 -283
141 -669 -148
167 -683 -1
222 -636 158
241 -573 253
259 -505 315
258 -442 358
271 -362 387
274 -268 406
272 -204 402
263 -126 391
276 -68 361
284 -9 338
301 15 314
295 -15 322
293 -6 323
303 -21 320
314 -25 317
303 -9 334
281 3 354
275 15 356
272 30 348
295 24 332
238 75 338
230 107 319
201 122 328
176 173 311
171 221 282
153 275 247
133 325 204
161 368 115
165 394 55
188 401 -41
181 391 -154
96 344 -300
73 266 -390
67 246 -409
78 172 -460
128 100 -489
151 6 -517
155 -72 -530
213 -154 -520
253 -237 -500
237 -329 -482
209 -388 -466
199 -443 -439
197 -491 -408
193 -513 -392
199 -491 -411
173 -391 -476
156 -295 -515
149 -197 -534
163 -89 -531
209 51 -489
250 170 -414
288 273 -307
315 321 -150
334 312 -19
308 294 84
295 258 154
282 234 221
246 207 340
198 92 484
188 -50 548
221 -241 546
292 -420 458
327 -589 279
336 -650 125
331 -662 -17
304 -653 -128
296 -612 -229
266 -557 -323
279 -472 -388
308 -401 -418
303 -379 -427
351 -332 -424
304 -365 -438
288 -400 -426
285 -417 -418
267 -438 -414
270 -451 -401
253 -464 -399
259 -456 -400
297 -456 -383
293 -486 -359
298 -430 -401
360 -383 -391
376 -365 -388
441 -312 -359
507 -231 -315
555 -133 -270
581 -60 -213
600 -60 -142
601 21 -70
597 42 -28
588 63 18
586 50 47
596 -40 49
583 5 67
564 34 96
527 110 129
492 159 158
474 118 213
421 119 276
352 107 340
310 83 371
278 38 397
229 -31 424
183 -93 435
102 -154 437
-1 -210 410
-36 -284 359
-64 -326 316
-156 -326 286
-287 -212 288
-228 -158 339
-174 -114 361
-117 -87 406
-22 -72 468
76 -133 503
195 -267 491
349 -341 412
488 -359 281
588 -313 114
614 -272 -22
599 -250 -128
550 -244 -243
486 -239 -332
411 -231 -399
331 -139 -464
271 -54 -489
217 17 -499
204 65 -491
244 134 -451
351 102 -403
463 65 -300
490 45 -263
489 32 -260
483 40 -253
480 46 -251
469 33 -272
482 -75 -280
490 -157 -263
494 -207 -243
494 -288 -208
474 -392 -149
451 -472 -52
430 -503 -5
423 -515 26
436 -505 -13
438 -511 35
434 -517 81
455 -472 170
450 -367 307
465 -219 362
461 -149 385
402 -57 426
446 -80 399
494 14 342
510 107 281
532 140 214
501 234 146
446 320 61
416 336 -111
389 290 -245
374 216 -331
371 145 -376
412 31 -385
418 -10 -389
446 -79 -365
469 -164 -333
465 -200 -331
503 -191 -289
522 -249 -500
553 -314 -172
543 -409 -111
476 -522 -68
429 -581 -29
416 -604 -5
420 -595 -32
457 -513 -138
481 -403 -219
481 -344 -245
487 -249 -287
481 -183 -318
476 -111 -337
462 -26 -355
425 64 -382
406 155 -365
423 210 -322
516 203 -229
598 112 -172
651 -48 -130
627 -192 -191
544 -377 -217
479 -421 -261
413 -383 -351
352 -366 -401
297 -361 -429
257 -370 -442
195 -364 -469
104 -315 -507
25 -232 -536
-84 -187 -535
-137 -60 -529
-141 77 -506
-87 169 -489
-31 218 -478
-7 231 -478
-39 217 -486
-58 220 -481
-77 237 -469
-164 182 -471
-193 98 -491
-237 17 -490
-256 -176 -486
-133 -394 -460
139 -539 -378
318 -516 -329
422 -496 -260
360 -620 -96
290 -656 102
388 -539 241
331 -418 397
265 -211 486
181 -72 494
167 4 461
155 55 417
147 84 383
155 100 369
168 111 354
208 96 337
261 55 342
295 15 384
291 -88 476
298 -293 478
362 -571 253
242 -688 -104
163 -589 -340
202 -396 -480
233 -180 -528
299 41 -481
330 168 -405
316 297 -297
328 358 -159
316 384 -57
302 387 6
286 370 96
280 345 149
293 320 180
304 308 194
414 240 109
512 125 12
571 -50 -71
559 -233 -122
501 -415 -108
442 -519 -77
341 -628 -24
219 -675 76
175 -683 145
179 -692 142
173 -679 198
215 -640 257
292 -593 261
295 -631 147
285 -649 28
276 -662 -34
256 -673 -69
258 -635 -209
240 -528 -372
231 -364 -482
248 -224 -517
299 -44 -498
421 30 -404
486 82 -304
562 -112 -208
508 -398 -143
329 -562 -114
152 -647 -3
83 -658 123
105 -659 191
208 -611 284
266 -559 334
206 -651 233
43 -718 75
-165 -681 23
-364 -550 -76
-476 -386 -134
-489 -304 -196
-440 -243 -307
-219 -257 -471
6 -270 -519
220 -313 -472
387 -389 -317
422 -450 -146
387 -481 5
330 -500 49
253 -504 83
236 -489 81
265 -480 80
320 -505 -34
275 -537 -214
170 -485 -379
30 -503 -402
-84 -527 -367
-175 -528 -322
-219 -559 -239
-215 -609 -68
-65 -631 82
-58 -566 207
25 -499 247
100 -460 223
133 -436 179
147 -440 173
162 -503 197
89 -610 166
38 -674 44
3 -669 -150
35 -589 -329
210 -422 -455
399 -291 -419
505 -322 -280
490 -395 -227
454 -482 -134
390 -537 -98
374 -551 -60
373 -550 -56
342 -555 -159
253 -548 -292
145 -530 -371
-59 -455 -436
-241 -282 -455
-350 -146 -410
-435 -13 -313
-444 58 -262
-421 138 -224
-358 214 -237
-231 235 -344
-73 129 -471
80 16 -508
236 -144 -475
317 -292 -381
293 -428 -279
227 -504 -242
169 -574 -203
52 -650 -135
15 -702 69
59 -697 172
26 -704 130
-160 -673 39
-362 -537 -50
-472 -361 -142
-455 -207 -280
-299 -176 -436
-41 -337 -484
142 -482 -375
211 -564 -236
189 -613 -148
75 -659 -64
-103 -658 -38
-258 -586 -75
-344 -491 -181
-349 -415 -265
-338 -241 -370
-280 -152 -426
-219 -51 -458
-153 36 -468
-91 128 -451
-80 183 -424
-74 259 -367
-129 308 -292
-139 334 -242
-134 362 -181
-155 364 -137
-216 340 -89
-245 309 -15
-235 278 59
-168 264 129
-136 230 165
-153 194 198
-169 177 259
-218 109 318
-271 23 331
-291 -24 338
-292 45 368
-282 24 457
-259 -70 510
-281 -167 488
-267 -296 448
-285 -386 347
-354 -348 257
-439 -239 173
-436 -88 196
-359 82 217
-227 218 201
-114 266 175
-3 292 150
114 313 163
171 338 208
123 361 286
17 362 358
-167 264 446
-294 94 477
-357 -107 464
-320 -313 406
-232 -428 356
-140 -482 324
-50 -491 304
-32 -463 304
-60 -421 302
-177 -308 324
-227 -116 348
-152 22 356
-57 66 378
-19 57 415
41 24 463
121 -19 498
191 -31 511
169 50 496
179 236 373
228 320 269
317 337 97
351 293 47
361 238 36
376 229 17
390 224 31
421 192 38
438 157 40
441 138 34
457 119 25
473 89 10
492 39 -11
497 17 8
503 -20 14
492 -53 51
488 -94 71
479 -154 80
475 -196 78
466 -237 91
451 -274 111
430 -304 118
426 -324 114
400 -366 116
410 -400 97
400 -446 130
195 -502 342
-10 -430 453
-57 -390 477
-68 -362 493
-67 -261 534
-79 -212 535
-98 -190 531
-97 -151 527
-86 -59 524
-7 50 520
46 163 473
100 246 388
126 269 302
241 274 156
366 206 71
415 176 26
395 179 56
290 239 141
199 236 321
131 114 500
15 -4 552
-27 -160 559
-62 -289 522
-58 -420 447
-29 -513 336
36 -576 229
150 -604 133
243 -582 62
390 -480 13
448 -414 4
466 -383 8
470 -374 20
497 -326 -7
520 -251 -20
524 -215 12
515 -165 70
481 -37 126
451 34 134
397 123 167
321 167 228
262 174 267
227 194 271
152 247 283
59 276 321
-12 297 332
30 285 341
245 174 305
334 117 195
397 41 133
412 32 142
351 199 171
264 358 75
310 350 -48
349 307 -178
352 275 -255
376 259 -252
378 300 -142
303 328 76
302 167 232
310 55 260
297 51 319
309 38 386
375 -101 426
395 -251 426
400 -339 401
386 -413 376
371 -438 371
337 -367 436
272 -172 507
271 61 441
272 192 311
176 329 223
109 417 125
69 472 78
-76 490 59
-205 466 46
-252 452 61
-234 451 109
-131 407 255
66 322 313
204 235 254
280 204 179
355 184 134
419 186 65
462 193 -17
469 194 -123
441 220 -187
419 232 -227
415 223 -249
400 236 -253
423 237 -192
452 221 -67
441 186 27
417 182 59
418 217 -3
384 275 -126
418 215 -239
396 37 -397
440 -135 -400
512 -239 -318
537 -321 -253
500 -451 -197
418 -554 -155
425 -571 -73
421 -578 1
423 -548 127
422 -486 237
397 -468 280
388 -424 320
378 -352 367
365 -272 396
349 -192 400
340 -124 385
332 -88 374
344 -174 395
348 -450 327
277 -656 46
170 -661 -184
105 -580 -336
120 -421 -459
112 -318 -501
118 -297 -503
110 -321 -493
98 -419 -447
81 -424 -448
122 -437 -433
136 -457 -413
147 -461 -409
147 -454 -413
141 -448 -419
107 -447 -425
81 -438 -433
65 -437 -433
59 -441 -428
46 -441 -430
43 -441 -428
35 -448 -423
35 -453 -418
14 -453 -419
-12 -448 -421
-7 -450 -419
-13 -465 -409